  1.4812489e+002  1.6320000e+003  9.0782281e-002
  1.4612489e+002  1.5580000e+003  8.7407084e-002
  1.4212489e+002  1.4930000e+003  8.4412545e-002
  1.4671068e+002  1.6020000e+003  8.9418219e-002
  1.3929646e+002  1.4430000e+003  8.2089275e-002
  1.4353911e+002  1.5270000e+003  8.5982479e-002
  1.4071068e+002  1.4640000e+003  8.3067187e-002
  1.4471068e+002  1.5530000e+003  8.7177743e-002
  1.3846804e+002  1.4210000e+003  8.1061419e-002
  1.3788225e+002  1.3840000e+003  7.9324815e-002
  1.4212489e+002  1.4940000e+003  8.4458833e-002
