  1.3105382e+002  1.2930000e+003  7.5009804e-002
  1.3022540e+002  1.2580000e+003  7.3332881e-002
  1.3188225e+002  1.2940000e+003  7.5057571e-002
  1.2763961e+002  1.2280000e+003  7.1887556e-002
  1.3046804e+002  1.2780000e+003  7.4292331e-002
  1.3188225e+002  1.2990000e+003  7.5296290e-002
  1.2563961e+002  1.1800000e+003  6.9559282e-002
  1.3129646e+002  1.2180000e+003  7.1404115e-002
  1.2539697e+002  1.1850000e+003  6.9802733e-002
  1.5236753e+002  1.2480000e+003  7.2851932e-002
  1.2681118e+002  1.2110000e+003  7.1065205e-002
