  1.5753911e+002  1.8280000e+003  9.9558622e-002
  1.5436753e+002  1.7790000e+003  9.7385834e-002
  1.5012489e+002  1.6410000e+003  9.1190386e-002
  1.5753911e+002  1.8430000e+003  1.0022103e-001
  1.5461017e+002  1.7320000e+003  9.5288644e-002
  1.5095332e+002  1.6780000e+003  9.2862833e-002
  1.5378175e+002  1.7440000e+003  9.5825334e-002
  1.5519596e+002  1.7870000e+003  9.7741517e-002
  1.4671068e+002  1.6060000e+003  8.9600426e-002
  1.5036753e+002  1.6660000e+003  9.2321349e-002
  1.5378175e+002  1.7400000e+003  9.5646532e-002
